%YAML:1.0
---
names:
   - "1"
   - "2"
   - "3"
   - "4"
R_1: !!opencv-matrix
   rows: 3
   cols: 1
   dt: d
   data: [ -7.7960888625235958e-01, -1.4359802964470905e+00,
       -1.7149398197124568e+00 ]
Rot_1: !!opencv-matrix
   rows: 3
   cols: 3
   dt: d
   data: [ -5.3003556772178118e-01, 8.4785336893057583e-01,
       -1.4386164983127558e-02, -1.6312038819376817e-01,
       -8.5296909496719975e-02, 9.8291208975463429e-01,
       8.3213823124848862e-01, 5.2332504433036731e-01,
       1.8351256652135683e-01 ]
T_1: !!opencv-matrix
   rows: 3
   cols: 1
   dt: d
   data: [ -1.2083005104326145e+00, 5.5148414982149574e-01,
       2.8515298010312491e+00 ]
R_2: !!opencv-matrix
   rows: 3
   cols: 1
   dt: d
   data: [ -3.6717048240541078e-01, -1.8218482058254872e+00,
       -2.2028635644473797e+00 ]
Rot_2: !!opencv-matrix
   rows: 3
   cols: 3
   dt: d
   data: [ -9.3460624039812978e-01, 3.5447577505096650e-01,
       2.9293349260368334e-02, -3.7746610995764013e-02,
       -1.8073987535085900e-01, 9.8280633433881093e-01,
       3.5367551338367742e-01, 9.1743120851656923e-01,
       1.8230087457996369e-01 ]
T_2: !!opencv-matrix
   rows: 3
   cols: 1
   dt: d
   data: [ -1.3596471339617144e+00, 7.1697704495756232e-01,
       2.1339477042353781e+00 ]
R_3: !!opencv-matrix
   rows: 3
   cols: 1
   dt: d
   data: [ -1.3462580515960481e+00, -5.8847563046567597e-01,
       -5.7246898848347449e-01 ]
Rot_3: !!opencv-matrix
   rows: 3
   cols: 3
   dt: d
   data: [ 7.2728016869019818e-01, 6.8359242939454723e-01,
       -6.1359161536131190e-02, -4.2489219910510856e-02,
       1.3407233487042000e-01, 9.9006023817431921e-01,
       6.8502424951336760e-01, -7.1744407412484368e-01,
       1.2655345938295307e-01 ]
T_3: !!opencv-matrix
   rows: 3
   cols: 1
   dt: d
   data: [ 4.5648930426996698e-01, 7.0411962662208638e-01,
       2.9642587783548802e+00 ]
R_4: !!opencv-matrix
   rows: 3
   cols: 1
   dt: d
   data: [ -1.1028536862948970e+00, -8.6708468720463494e-01,
       -1.1212156713735140e+00 ]
Rot_4: !!opencv-matrix
   rows: 3
   cols: 3
   dt: d
   data: [ 2.3808315050609871e-01, 9.7124334717252536e-01,
       -1.6655384113931082e-03, -2.4589670434269018e-01,
       6.1936035805933792e-02, 9.6731522176695328e-01,
       9.3960163060655355e-01, -2.2989190512446400e-01,
       2.5357146471902248e-01 ]
T_4: !!opencv-matrix
   rows: 3
   cols: 1
   dt: d
   data: [ -6.9478383919373929e-02, 2.9560113020331791e-01,
       3.1465759770511292e+00 ]
