%YAML:1.0
---
names:
   - "1"
   - "2"
   - "3"
   - "4"
R_1: !!opencv-matrix
   rows: 3
   cols: 1
   dt: d
   data: [ 1.7472663758453695e+00, 8.2176275958345046e-01,
       -4.2879572065092714e-01 ]
Rot_1: !!opencv-matrix
   rows: 3
   cols: 3
   dt: d
   data: [ 6.9342612241928003e-01, 7.1142473199797440e-01,
       1.1417120235931583e-01, 3.1327534396717771e-01,
       -1.5498889425412479e-01, -9.3692956059680932e-01,
       -6.4885959313923069e-01, 6.8545845487490631e-01,
       -3.3034517558411230e-01 ]
T_1: !!opencv-matrix
   rows: 3
   cols: 1
   dt: d
   data: [ -1.1617566126370305e+00, 9.8169781107870802e-01,
       4.9589827211857198e+00 ]
R_2: !!opencv-matrix
   rows: 3
   cols: 1
   dt: d
   data: [ 1.4954305644233536e+00, 1.3227217375013680e+00,
       -8.6579485962522951e-01 ]
Rot_2: !!opencv-matrix
   rows: 3
   cols: 3
   dt: d
   data: [ 1.7193454678484588e-01, 9.8255772732933178e-01,
       7.0843659471460707e-02, 3.2822139946926510e-01,
       1.0668190965572588e-02, -9.4454057754654408e-01,
       -9.2882141693240827e-01, 1.8565156117560838e-01,
       -3.2066224174469393e-01 ]
T_2: !!opencv-matrix
   rows: 3
   cols: 1
   dt: d
   data: [ 3.5886032916445426e-01, 1.2731676219343961e+00,
       4.9366712618401829e+00 ]
R_3: !!opencv-matrix
   rows: 3
   cols: 1
   dt: d
   data: [ 1.3529767465428277e+00, 1.3588696335349806e+00,
       -1.1228404658968021e+00 ]
Rot_3: !!opencv-matrix
   rows: 3
   cols: 3
   dt: d
   data: [ -1.0781082845161216e-02, 9.9991106740087843e-01,
       -7.8501937505784380e-03, 1.9620247221974157e-01,
       -5.5827093281198836e-03, -9.8054751198063794e-01,
       -9.8050413469171427e-01, -1.2111591381547437e-02,
       -1.9612483577216611e-01 ]
T_3: !!opencv-matrix
   rows: 3
   cols: 1
   dt: d
   data: [ 1.5411108529138243e-01, 1.9222428436042360e+00,
       4.3427997543136083e+00 ]
R_4: !!opencv-matrix
   rows: 3
   cols: 1
   dt: d
   data: [ 1.2718406612016322e+00, 1.7178478279158582e+00,
       -1.2870292752235160e+00 ]
Rot_4: !!opencv-matrix
   rows: 3
   cols: 3
   dt: d
   data: [ -3.3089240364182576e-01, 9.4188328579808323e-01,
       -5.8018041558994260e-02, 3.2032239131626072e-01,
       5.4275876726984085e-02, -9.4575244901979993e-01,
       -8.8763944416275642e-01, -3.3152677891796795e-01,
       -3.1966578175761851e-01 ]
T_4: !!opencv-matrix
   rows: 3
   cols: 1
   dt: d
   data: [ 5.8650812299157618e-01, 1.3947713956065597e+00,
       4.5858639210842256e+00 ]
