%YAML:1.0
---
names:
   - "1"
   - "2"
   - "3"
   - "4"
R_1: !!opencv-matrix
   rows: 3
   cols: 1
   dt: d
   data: [ 1.6999491797946253e+00, 7.6706583665739381e-01,
       -3.9439164144989053e-01 ]
Rot_1: !!opencv-matrix
   rows: 3
   cols: 3
   dt: d
   data: [ 7.2787669872196381e-01, 6.7234235309820400e-01,
       1.3472665544718979e-01, 2.8161607996589055e-01,
       -1.1396417594167627e-01, -9.5273529907660082e-01,
       -6.2521028059546579e-01, 7.3141501682171162e-01,
       -2.7229428603155514e-01 ]
T_1: !!opencv-matrix
   rows: 3
   cols: 1
   dt: d
   data: [ -1.4734533878056697e+00, 4.4433900182920522e-01,
       2.7477672460238258e+00 ]
R_2: !!opencv-matrix
   rows: 3
   cols: 1
   dt: d
   data: [ 1.3452962568543081e+00, 1.3978124267498662e+00,
       -1.0776598970203999e+00 ]
Rot_2: !!opencv-matrix
   rows: 3
   cols: 3
   dt: d
   data: [ -1.4543163112901158e-02, 9.9944825444645746e-01,
       2.9861063119059172e-02, 2.2538558971639355e-01,
       3.2372343583160990e-02, -9.7373167110817915e-01,
       -9.7416109158335029e-01, -7.4308852004764669e-03,
       -2.2573203049251189e-01 ]
T_2: !!opencv-matrix
   rows: 3
   cols: 1
   dt: d
   data: [ -7.4706801321355584e-02, 6.6124754909052508e-01,
       3.2862642926709169e+00 ]
R_3: !!opencv-matrix
   rows: 3
   cols: 1
   dt: d
   data: [ 1.2407425798878537e+00, 2.0182359191858081e+00,
       -1.1601017508469900e+00 ]
Rot_3: !!opencv-matrix
   rows: 3
   cols: 3
   dt: d
   data: [ -4.6082401817896196e-01, 8.8729369036574490e-01,
       -1.8738497979645108e-02, 4.6276722156806444e-01,
       2.2221878898276004e-01, -8.5817556972056108e-01,
       -7.5728972191068966e-01, -4.0413947698804803e-01,
       -5.1301419105932866e-01 ]
T_3: !!opencv-matrix
   rows: 3
   cols: 1
   dt: d
   data: [ 2.7524120272790464e-01, -1.1858148931092970e-01,
       3.3061235176450960e+00 ]
R_4: !!opencv-matrix
   rows: 3
   cols: 1
   dt: d
   data: [ 6.4999740181075327e-01, 2.2358233129506671e+00,
       -1.7612227102477720e+00 ]
Rot_4: !!opencv-matrix
   rows: 3
   cols: 3
   dt: d
   data: [ -8.7751083213438053e-01, 4.6972400067913767e-01,
       -9.6613159935965032e-02, 2.0392400880784625e-01,
       1.8315551655467677e-01, -9.6170112581161449e-01,
       -4.3403886705981104e-01, -8.6360489805325613e-01,
       -2.5650895099364601e-01 ]
T_4: !!opencv-matrix
   rows: 3
   cols: 1
   dt: d
   data: [ 9.3561531073745252e-01, 3.4508805759338074e-01,
       2.5920219227595380e+00 ]
