%YAML:1.0
---
names:
   - "1"
   - "2"
   - "3"
   - "4"
   - "5"
   - "6"
R_1: !!opencv-matrix
   rows: 3
   cols: 1
   dt: d
   data: [ 1.7969204949208617e+00, 1.5775332657314770e-01,
       -6.6787392613614827e-02 ]
Rot_1: !!opencv-matrix
   rows: 3
   cols: 3
   dt: d
   data: [ 9.8890238018940724e-01, 1.4318519752747316e-01,
       3.9624256015023132e-02, 7.1206730267091817e-02,
       -2.2272363324725575e-01, -9.7227762740783652e-01,
       -1.3039050586754863e-01, 9.6430917365861479e-01,
       -2.3044768078122280e-01 ]
T_1: !!opencv-matrix
   rows: 3
   cols: 1
   dt: d
   data: [ -1.2205479934929107e+00, 2.6198685531371213e+00,
       5.4396263981403523e+00 ]
R_2: !!opencv-matrix
   rows: 3
   cols: 1
   dt: d
   data: [ 1.8980850015418600e+00, 4.7288534457321840e-01,
       -3.1105803115223835e-01 ]
Rot_2: !!opencv-matrix
   rows: 3
   cols: 3
   dt: d
   data: [ 8.8579202340468288e-01, 4.6400454049352136e-01,
       8.5016277284538644e-03, 1.7593027221963908e-01,
       -3.1878911919717479e-01, -9.3135494672987762e-01,
       -4.2944269767846888e-01, 8.2648247645239614e-01,
       -3.6401330405323601e-01 ]
T_2: !!opencv-matrix
   rows: 3
   cols: 1
   dt: d
   data: [ -2.1817670208315212e+00, 1.4049425358446459e+00,
       7.0704628488223156e+00 ]
R_3: !!opencv-matrix
   rows: 3
   cols: 1
   dt: d
   data: [ 1.5324239789343177e+00, 1.4248276296300197e+00,
       -9.7359886465067202e-01 ]
Rot_3: !!opencv-matrix
   rows: 3
   cols: 3
   dt: d
   data: [ 6.5087095210037416e-02, 9.9781600520998937e-01,
       -1.1264536559381977e-02, 3.7310857836901407e-01,
       -3.4804308089073865e-02, -9.2713464442112925e-01,
       -9.2550184158896864e-01, 5.6141605652305471e-02,
       -3.7455902249206119e-01 ]
T_3: !!opencv-matrix
   rows: 3
   cols: 1
   dt: d
   data: [ 8.2824271227363366e-01, 1.3186555638558368e+00,
       7.3583862551605801e+00 ]
R_4: !!opencv-matrix
   rows: 3
   cols: 1
   dt: d
   data: [ 1.2113281474383706e+00, 1.5386131689250035e+00,
       -1.2539225041627338e+00 ]
Rot_4: !!opencv-matrix
   rows: 3
   cols: 3
   dt: d
   data: [ -2.2767410000929228e-01, 9.7369767253107997e-01,
       8.7946968405225867e-03, 1.8787521923236428e-01,
       5.2788382726147165e-02, -9.8077331154938596e-01,
       -9.5544094855901474e-01, -2.2164437542314447e-01,
       -1.9495221122094097e-01 ]
T_4: !!opencv-matrix
   rows: 3
   cols: 1
   dt: d
   data: [ -1.2099086846355029e+00, 2.4165615514329066e+00,
       7.3670400015125148e+00 ]
R_5: !!opencv-matrix
   rows: 3
   cols: 1
   dt: d
   data: [ 7.2468234353878325e-01, 2.1268082042991168e+00,
       -1.5124636300198404e+00 ]
Rot_5: !!opencv-matrix
   rows: 3
   cols: 3
   dt: d
   data: [ -7.7111120801017718e-01, 6.3514219519645576e-01,
       4.4518499099954478e-02, 1.6644343113658092e-01,
       2.6857636749882208e-01, -9.4876937084447466e-01,
       -6.1456007770808507e-01, -7.2419688393569137e-01,
       -3.1281749341311982e-01 ]
T_5: !!opencv-matrix
   rows: 3
   cols: 1
   dt: d
   data: [ -7.4181521676708362e-01, 1.2202275503535671e+00,
       8.9672133320349197e+00 ]
R_6: !!opencv-matrix
   rows: 3
   cols: 1
   dt: d
   data: [ 4.1635246249489284e-02, -2.5387539728139084e+00,
       1.8919106180044458e+00 ]
Rot_6: !!opencv-matrix
   rows: 3
   cols: 3
   dt: d
   data: [ -9.9934562984931097e-01, -6.2381413974273350e-03,
       3.5628607789104517e-02, -3.5924972923073908e-02,
       2.8577928368699490e-01, -9.5762184464214473e-01,
       -4.2081375405922938e-03, -9.5827516226147336e-01,
       -2.8581638331485815e-01 ]
T_6: !!opencv-matrix
   rows: 3
   cols: 1
   dt: d
   data: [ 1.6081602414343985e+00, 1.9274007558584472e+00,
       7.5736380224029825e+00 ]
