%YAML:1.0
---
names:
   - "1"
   - "2"
   - "3"
   - "4"
R_1: !!opencv-matrix
   rows: 3
   cols: 1
   dt: d
   data: [ 5.9204711944026533e-01, 2.1216370089328715e+00,
       -1.7075862081555080e+00 ]
Rot_1: !!opencv-matrix
   rows: 3
   cols: 3
   dt: d
   data: [ -8.5036541569850521e-01, 5.2605439239638740e-01,
       1.2059685915316198e-02, 1.0066798242555791e-01,
       1.8513946017544625e-01, -9.7754249912743529e-01,
       -5.1647324916037607e-01, -8.3005430938367630e-01,
       -2.1039302834293727e-01 ]
T_1: !!opencv-matrix
   rows: 3
   cols: 1
   dt: d
   data: [ -1.3057564662793244e+00, 1.5611854399354994e+00,
       3.8412518748344309e+00 ]
R_2: !!opencv-matrix
   rows: 3
   cols: 1
   dt: d
   data: [ 5.9194114432938386e-02, 2.2816883530737164e+00,
       -2.0549141760866161e+00 ]
Rot_2: !!opencv-matrix
   rows: 3
   cols: 3
   dt: d
   data: [ -9.9678150890093120e-01, 7.5662207531041720e-02,
       2.6492524694944980e-02, -1.8456393691754665e-02,
       1.0500023570515682e-01, -9.9430091623902117e-01,
       -7.8012723610175638e-02, -9.9158972405596846e-01,
       -1.0326584189135868e-01 ]
T_2: !!opencv-matrix
   rows: 3
   cols: 1
   dt: d
   data: [ -5.9908630811479391e-01, 1.8838275638618234e+00,
       4.1625716817332723e+00 ]
R_3: !!opencv-matrix
   rows: 3
   cols: 1
   dt: d
   data: [ 7.0898123392943591e-01, -2.1662880007366043e+00,
       1.6621752887560699e+00 ]
Rot_3: !!opencv-matrix
   rows: 3
   cols: 3
   dt: d
   data: [ -8.2595741975278592e-01, -5.6179840604585918e-01,
       4.6657172220916698e-02, -1.9049491397921800e-01,
       2.0025147517225717e-01, -9.6104684299954157e-01,
       5.3057141696794285e-01, -8.0267172471419923e-01,
       -2.7241893076833412e-01 ]
T_3: !!opencv-matrix
   rows: 3
   cols: 1
   dt: d
   data: [ 8.9214443228732754e-01, 1.4731720891087481e+00,
       3.9532145992574912e+00 ]
R_4: !!opencv-matrix
   rows: 3
   cols: 1
   dt: d
   data: [ 1.0475444059431589e+00, -1.7678621315402367e+00,
       1.3961749727083406e+00 ]
Rot_4: !!opencv-matrix
   rows: 3
   cols: 3
   dt: d
   data: [ -4.7312755466889711e-01, -8.8093518263499737e-01,
       -1.0174527452107118e-02, -1.9425639508985898e-01,
       1.1558085504179128e-01, -9.7411781572585010e-01,
       8.5931063648701722e-01, -4.5890551308918964e-01,
       -2.2581178019896397e-01 ]
T_4: !!opencv-matrix
   rows: 3
   cols: 1
   dt: d
   data: [ 1.5814853064641099e+00, 1.3352030948944535e+00,
       3.2579773170645034e+00 ]
