%YAML:1.0
---
names:
   - "1"
   - "2"
   - "3"
   - "4"
R_1: !!opencv-matrix
   rows: 3
   cols: 1
   dt: d
   data: [ -6.3963760612229892e-01, -1.7385323012674696e+00,
       -1.8817279816998049e+00 ]
Rot_1: !!opencv-matrix
   rows: 3
   cols: 3
   dt: d
   data: [ -7.6694050525389446e-01, 6.4167107400183543e-01,
       7.7778011180585915e-03, -4.2928486758695650e-02,
       -6.3394734209388792e-02, 9.9706481870494723e-01,
       6.4028072470246167e-01, 7.6435550659614659e-01,
       7.6165957688710817e-02 ]
T_1: !!opencv-matrix
   rows: 3
   cols: 1
   dt: d
   data: [ -6.1271203624616399e-01, 1.2054912117018546e+00,
       2.1728353671190352e+00 ]
R_2: !!opencv-matrix
   rows: 3
   cols: 1
   dt: d
   data: [ -8.6135026877777421e-01, -1.3277375441628279e+00,
       -1.5663126496067761e+00 ]
Rot_2: !!opencv-matrix
   rows: 3
   cols: 3
   dt: d
   data: [ -3.6897099791934912e-01, 9.2880034188889504e-01,
       -3.4501124640673841e-02, -1.8613565940083743e-01,
       -3.7473219368280963e-02, 9.8180918417459928e-01,
       9.1061183771891252e-01, 3.6868100403634624e-01,
       1.8670939523477792e-01 ]
T_2: !!opencv-matrix
   rows: 3
   cols: 1
   dt: d
   data: [ -7.9529626354517202e-01, 9.1063249659863110e-01,
       2.6862105109547203e+00 ]
R_3: !!opencv-matrix
   rows: 3
   cols: 1
   dt: d
   data: [ -1.1772877269286717e+00, -8.2878597546945820e-01,
       -1.0292461103653605e+00 ]
Rot_3: !!opencv-matrix
   rows: 3
   cols: 3
   dt: d
   data: [ 3.3227508237611370e-01, 9.4317276314882337e-01,
       4.2905111771283644e-03, -1.9698141119520729e-01,
       6.4945478025113745e-02, 9.7825375467085984e-01,
       9.2238364755425506e-01, -3.2589449786442165e-01,
       2.0736726594668908e-01 ]
T_3: !!opencv-matrix
   rows: 3
   cols: 1
   dt: d
   data: [ 5.3798495444550093e-02, 7.8902166281839281e-01,
       3.1768261237764062e+00 ]
R_4: !!opencv-matrix
   rows: 3
   cols: 1
   dt: d
   data: [ -1.1967598867127298e+00, -6.2815490576552502e-01,
       -8.8438986223743044e-01 ]
Rot_4: !!opencv-matrix
   rows: 3
   cols: 3
   dt: d
   data: [ 5.2893479572557256e-01, 8.4793270411155919e-01,
       3.5186803901552988e-02, -2.4605232633714857e-01,
       1.1354133000152619e-01, 9.6258330501082456e-01,
       8.1221070823698494e-01, -5.1780159876109288e-01,
       2.6869177461476534e-01 ]
T_4: !!opencv-matrix
   rows: 3
   cols: 1
   dt: d
   data: [ -1.3679413429216750e-01, 5.1160146662904527e-01,
       3.5274204590597793e+00 ]
