%YAML:1.0
---
names:
   - "1"
   - "2"
   - "3"
   - "4"
K_1: !!opencv-matrix
   rows: 3
   cols: 3
   dt: d
   data: [ 1058.0, 0.0, 970.0,
           0.0, 1058.0, 549.0,
           0.0, 0.0, 1.0 ]
dist_1: !!opencv-matrix
   rows: 1
   cols: 5
   dt: d
   data: [ 0.0, 0.0, 0.0, 0.0, 0.0]

K_2: !!opencv-matrix
   rows: 3
   cols: 3
   dt: d
   data: [ 1058.0, 0.0, 970.0,
           0.0, 1058.0, 549.0,
           0.0, 0.0, 1.0 ]
dist_2: !!opencv-matrix
   rows: 1
   cols: 5
   dt: d
   data: [ 0.0, 0.0, 0.0, 0.0, 0.0]

K_3: !!opencv-matrix
   rows: 3
   cols: 3
   dt: d
   data: [ 1058.0, 0.0, 970.0,
           0.0, 1058.0, 549.0,
           0.0, 0.0, 1.0 ]
dist_3: !!opencv-matrix
   rows: 1
   cols: 5
   dt: d
   data: [ 0.0, 0.0, 0.0, 0.0, 0.0]


K_4: !!opencv-matrix
   rows: 3
   cols: 3
   dt: d
   data: [ 1058.0, 0.0, 970.0,
           0.0, 1058.0, 549.0,
           0.0, 0.0, 1.0 ]
dist_4: !!opencv-matrix
   rows: 1
   cols: 5
   dt: d
   data: [ 0.0, 0.0, 0.0, 0.0, 0.0]
